#Configurational_file created 2018-10-17 04:35:33  started 2018-10-17 04:35:02 run for 31.0s steps 0
name: hc5
step: 100000
specie: 16
	particle_diameter: 1.0000000000000000
	interaction_length: 1.2000000000000000
	number_of_patches: 3
	number_of_particles_per_compound: 1
	rod_length: 2.0000000000000000
	interaction_matrix:  1.000000 1.000000 1.000000 1.000000 1.000000 1.000000 1.000000 1.000000 1.000000
	patch_type: symmetric
	patch_width: 20.0000000000000000
	patch_angle: 0.0000000000000000
	angles:  0.000000 0.000000 0.000000
	grand_canonical: 0
	chemical_potential: -4.0000000000000000
box: 5.000000 5.000000
copy: 1.000000 1.000000
epsilon: 20.0000000000000000
end_epsilon: 0.0000000000000000
pressure: 1.0000000000000000
lambda: 1.0000000000000000
lambda_coupling: 1.0000000000000000
uy: 0.0000000000000000
maximum_displacement: 0.1382950462197853
maximum_rotation: 0.2098033059384676
maximum_volume: 0.0000001000000000
maximum_shape: 0.0000001000000000
maximum_dsigma: 0.0100000000000000
mod: 10
pmod: 100
optimize: 1
verbose: 1
snapshot: 1
display: 1
explore: 1
npt: 0
nptxy: 0
nptdxdy: 0
shape: 0
seed: 1236
19.078863587232 2.657295589556 -0.489453530953 0.872029380834
16.123412039231 -1.646638382590 0.945729882732 -0.324953825810
21.005070972372 5.373395988021 0.739558960090 0.673091780184
17.178828457871 4.331493528600 -0.018061583609 -0.999836876294
12.212297871566 5.288158515356 -0.020631128312 0.999787155621
14.117609541904 7.718135445060 0.935035958647 -0.354552895964
18.390734811879 4.213902048555 -0.786827525212 -0.617172946238
19.207965819257 4.894573430213 0.250071965580 -0.968227252266
18.397843763532 3.178138077456 -0.957931768716 0.286996039145
17.098190841609 5.568690313902 0.999916040991 0.012958046466
19.151055273146 4.722476646779 0.778760598020 0.627321234274
15.339354998565 3.846048297319 -0.966680746126 0.255985028993
21.561270644385 7.119913303751 0.839548669431 0.543284485014
18.076019765154 3.113663261065 0.466429143190 0.884558564699
17.378644454574 2.057517562958 0.912530533870 -0.409008587631
13.934558851399 10.987749563388 0.987749780073 -0.156046057192
