#Configurational_file created 2018-10-17 04:41:55  started 2018-10-17 04:41:18 run for 37.0s steps 0
name: sq5
step: 100000
specie: 20
	particle_diameter: 1.0000000000000000
	interaction_length: 1.2000000000000000
	number_of_patches: 4
	number_of_particles_per_compound: 1
	rod_length: 2.0000000000000000
	interaction_matrix:  1.000000 1.000000 1.000000 1.000000 1.000000 1.000000 1.000000 1.000000 1.000000 1.000000 1.000000 1.000000 1.000000 1.000000 1.000000 1.000000
	patch_type: symmetric
	patch_width: 20.0000000000000000
	patch_angle: 0.0000000000000000
	angles:  0.000000 0.000000 0.000000 0.000000
	grand_canonical: 0
	chemical_potential: -4.5000000000000000
box: 5.000000 5.000000
copy: 1.000000 1.000000
epsilon: 20.0000000000000000
end_epsilon: 0.0000000000000000
pressure: 1.0000000000000000
lambda: 1.0000000000000000
lambda_coupling: 1.0000000000000000
uy: 0.0000000000000000
maximum_displacement: 0.1249344685485195
maximum_rotation: 0.2076985509898883
maximum_volume: 0.0000001000000000
maximum_shape: 0.0000001000000000
maximum_dsigma: 0.0100000000000000
mod: 10
pmod: 100
optimize: 1
verbose: 1
snapshot: 1
display: 1
explore: 1
npt: 0
nptxy: 0
nptdxdy: 0
shape: 0
seed: 1236
-23.128408677709 -20.795641005230 -0.934848277278 0.355047459463
12.754315141393 -1.072578440873 0.903803283356 -0.427948156901
7.213798410729 2.898846660567 0.841462587808 -0.540315383197
6.989058267382 -2.985663493661 -0.453720749625 -0.891143917311
8.325547990102 -0.031360194659 0.919034083589 -0.394178072960
9.270018797929 -0.697973029750 0.840765248723 -0.541399849039
4.195108536841 1.629928990250 0.762503612898 -0.646983956770
8.998543041223 -0.676076457650 0.133055197558 0.991108628962
3.589703458756 0.015137551983 -0.791879197503 0.610677768191
6.257416960772 3.575129545098 0.942615908138 -0.333879094472
6.453858204748 0.658626822696 0.562164191584 0.827025647547
10.505025588607 -3.701565597053 -0.909097091310 0.416584299479
5.558017350204 -0.320503709189 0.742886653336 -0.669417224380
8.727558677759 0.935233164656 0.882414364519 -0.470473048421
5.626905197862 -2.737717882412 0.816376835085 -0.577519578142
5.281458550801 1.333163726004 0.835303066981 -0.549789765540
9.746803613834 0.627432998830 0.960612550996 -0.277891214092
6.334444347522 0.955259456807 0.922767070232 -0.385358189344
7.632939618401 1.278221496089 0.778701922434 -0.627394067551
6.678686161470 1.862742402569 0.835703532075 -0.549180850428
