#Configurational_file created 2018-10-17 04:42:32  started 2018-10-17 04:41:55 run for 37.0s steps 0
name: sq6
step: 100000
specie: 29
	particle_diameter: 1.0000000000000000
	interaction_length: 1.2000000000000000
	number_of_patches: 4
	number_of_particles_per_compound: 1
	rod_length: 2.0000000000000000
	interaction_matrix:  1.000000 1.000000 1.000000 1.000000 1.000000 1.000000 1.000000 1.000000 1.000000 1.000000 1.000000 1.000000 1.000000 1.000000 1.000000 1.000000
	patch_type: symmetric
	patch_width: 20.0000000000000000
	patch_angle: 0.0000000000000000
	angles:  0.000000 0.000000 0.000000 0.000000
	grand_canonical: 0
	chemical_potential: -4.5000000000000000
box: 6.000000 6.000000
copy: 1.000000 1.000000
epsilon: 20.0000000000000000
end_epsilon: 0.0000000000000000
pressure: 1.0000000000000000
lambda: 1.0000000000000000
lambda_coupling: 1.0000000000000000
uy: 0.0000000000000000
maximum_displacement: 0.1267355752981434
maximum_rotation: 0.2102183630229012
maximum_volume: 0.0000001000000000
maximum_shape: 0.0000001000000000
maximum_dsigma: 0.0100000000000000
mod: 10
pmod: 100
optimize: 1
verbose: 1
snapshot: 1
display: 1
explore: 1
npt: 0
nptxy: 0
nptdxdy: 0
shape: 0
seed: 123
4.024109054197 -5.058205074284 -0.949121567342 -0.314909908396
9.643593123002 1.840405118392 -0.287069701605 0.957909696381
3.405777079820 -4.443517424222 0.986745845893 0.162273336114
3.501337953739 -0.316033367323 0.583346922850 -0.812223102110
5.565513626079 0.004969392413 -0.819535259825 -0.573028758357
6.288102804568 -5.661803388527 0.992610020328 0.121348043015
3.822670064357 -2.464391971446 0.766992155798 0.641656475807
8.896610091610 -5.728634179950 -0.438843618331 0.898563452768
4.845660455693 -4.594198904216 0.337446056851 -0.941344867047
10.078047117922 -4.973700838840 0.613676895090 -0.789557261022
3.735474592881 0.685443006203 -0.497340633632 0.867555355086
9.169038321784 -3.121879849683 -0.904932922389 -0.425554233884
5.807434780170 2.623461355928 -0.207990286240 0.978130891461
4.529732751171 -1.305665906247 0.927990750367 0.372603230305
8.315937947564 -4.717074782952 0.968974252375 0.247161684396
7.757792055448 -2.632991916429 -0.374657224127 0.927163396824
8.755340870456 -5.360413222000 0.863140664552 0.504963556305
5.652186191770 -7.053164632629 0.982577896634 0.185851222883
6.502388746067 -3.070482900154 0.971004597737 0.239060810617
9.325904344306 -6.833891930245 0.990957342122 0.134177293514
6.780821276522 -6.711490959350 0.989072493684 0.147429990973
7.902460777521 -3.348124087509 0.832500831048 0.554023795793
7.720595829528 -5.820016740326 0.841174568257 0.540763669006
6.085778045455 -2.123207718884 0.975713215685 0.219051867688
6.022259924963 -2.084844132123 -0.565850014796 0.824508193261
9.610578902965 -1.888856691792 0.987388342716 0.158316962670
8.669524830169 -2.354957119685 0.981274830666 0.192612841477
7.105525019946 -1.560687348441 0.907609458623 0.419815519745
8.257873470806 -1.271310804827 0.981897492589 0.189413077816
