#Configurational_file created 2018-10-17 04:43:13  started 2018-10-17 04:42:32 run for 41.0s steps 0
name: sq7
step: 100000
specie: 41
	particle_diameter: 1.0000000000000000
	interaction_length: 1.2000000000000000
	number_of_patches: 4
	number_of_particles_per_compound: 1
	rod_length: 2.0000000000000000
	interaction_matrix:  1.000000 1.000000 1.000000 1.000000 1.000000 1.000000 1.000000 1.000000 1.000000 1.000000 1.000000 1.000000 1.000000 1.000000 1.000000 1.000000
	patch_type: symmetric
	patch_width: 20.0000000000000000
	patch_angle: 0.0000000000000000
	angles:  0.000000 0.000000 0.000000 0.000000
	grand_canonical: 0
	chemical_potential: -4.5000000000000000
box: 7.000000 7.000000
copy: 1.000000 1.000000
epsilon: 20.0000000000000000
end_epsilon: 0.0000000000000000
pressure: 1.0000000000000000
lambda: 1.0000000000000000
lambda_coupling: 1.0000000000000000
uy: 0.0000000000000000
maximum_displacement: 0.1340142863483311
maximum_rotation: 0.2169335293160043
maximum_volume: 0.0000001000000000
maximum_shape: 0.0000001000000000
maximum_dsigma: 0.0100000000000000
mod: 10
pmod: 100
optimize: 1
verbose: 1
snapshot: 1
display: 1
explore: 1
npt: 0
nptxy: 0
nptdxdy: 0
shape: 0
seed: 1236
7.099026239186 -0.707254995849 0.416798184806 -0.908999050133
1.124144932058 1.620239711018 0.632023371709 0.774949325836
2.122095680584 0.467987343047 0.903068384348 0.429496790665
8.650979719724 4.683052172150 0.655312410346 -0.755357958087
6.371557597065 -1.120795080002 -0.872230849353 -0.489094413622
8.674841114774 1.548088485599 -0.533441874419 0.845836725744
7.690058774147 2.258713792798 -0.735334515532 0.677704323631
8.126900063735 -0.112386947114 -0.740544971209 0.672006804740
9.525199383206 5.236581307147 0.748236991072 0.663431537682
1.876686177408 6.173549524175 -0.680701233381 0.732561144802
7.283039610375 -0.731912750101 0.745478613977 0.666529546309
3.493111129471 0.529428828261 0.740626307839 0.671917161662
1.563916808304 4.687376917072 0.684622387648 0.728897925866
8.003248272504 -2.745334206984 0.813539460397 -0.581509713055
6.622098215016 -1.211358198660 0.762533221842 -0.646949059500
6.354614248702 -9.862201721186 0.580269819930 -0.814424297328
7.646386004931 -2.955116454467 0.568856485159 0.822436805653
5.846164825648 3.284924059977 -0.597810323471 -0.801637584667
5.148201119008 0.381432379256 -0.747491191436 -0.664271720552
4.293695014224 -7.469221414372 0.818261086897 0.574846756683
6.147340708344 2.621535496209 0.625390596538 -0.780311861862
6.644849138105 1.641209589598 0.477755671736 -0.878492753598
5.858081192042 -2.194662450340 0.847663260104 0.530534633619
6.381558714913 2.543970253318 -0.482153602841 0.876086698488
8.638123260961 2.899543488346 0.884035496658 0.467419769211
4.999932852485 0.276822765922 0.533924681500 -0.845532042258
3.144994074681 1.327861209178 -0.516802716238 0.856104521942
6.100595072808 0.793092966861 0.838458510962 0.544965435047
5.100298607081 0.196069142338 0.832251081519 0.554398897284
5.578314865449 -0.458539359683 0.596320513500 0.802746438908
4.849365958528 -1.253400002043 0.710156266777 0.704044087226
5.968978124137 2.501307185904 0.761676153926 0.647957897198
10.850893096044 5.177004867682 0.703426202016 0.710768301430
2.384961965285 3.664744613292 0.845565111224 0.533872309340
5.330275294049 3.567811797479 0.674390659322 0.738374727777
3.064799754032 3.003252464180 0.764255606288 0.644913457960
3.380114145379 -2.525175165054 -0.702907362782 0.711281406581
4.719404961320 2.723816420506 0.728129342112 0.685439757495
3.902903698273 2.092774191796 0.800088677482 0.599881745150
3.233733729158 2.987794290000 0.738086594778 -0.674705994199
4.196722506333 3.368955295092 0.843644584156 0.536902054033
