#Configurational_file created 2018-10-17 04:47:22  started 2018-10-17 04:46:32 run for 50.0s steps 0
name: x6
step: 100000
specie: 34
	particle_diameter: 1.0000000000000000
	interaction_length: 1.2000000000000000
	number_of_patches: 6
	number_of_particles_per_compound: 1
	rod_length: 2.0000000000000000
	interaction_matrix:  1.000000 1.000000 1.000000 1.000000 1.000000 1.000000 1.000000 1.000000 1.000000 1.000000 1.000000 1.000000 1.000000 1.000000 1.000000 1.000000 1.000000 1.000000 1.000000 1.000000 1.000000 1.000000 1.000000 1.000000 1.000000 1.000000 1.000000 1.000000 1.000000 1.000000 1.000000 1.000000 1.000000 1.000000 1.000000 1.000000
	patch_type: symmetric
	patch_width: 20.0000000000000000
	patch_angle: 0.0000000000000000
	angles:  0.000000 0.000000 0.000000 0.000000 0.000000 0.000000
	grand_canonical: 0
	chemical_potential: -5.7999999999999998
box: 6.000000 6.000000
copy: 1.000000 1.000000
epsilon: 20.0000000000000000
end_epsilon: 0.0000000000000000
pressure: 1.0000000000000000
lambda: 1.0000000000000000
lambda_coupling: 1.0000000000000000
uy: 0.0000000000000000
maximum_displacement: 0.1049645540990581
maximum_rotation: 0.1650457967530176
maximum_volume: 0.0000001000000000
maximum_shape: 0.0000001000000000
maximum_dsigma: 0.0100000000000000
mod: 10
pmod: 100
optimize: 1
verbose: 1
snapshot: 1
display: 1
explore: 1
npt: 0
nptxy: 0
nptdxdy: 0
shape: 0
seed: 3261
5.676199819241 5.992553341672 -0.150463399831 -0.988615580148
10.100168651455 2.326062948203 -0.808798193736 0.588086287724
10.801766708344 1.780797789004 0.930212839690 0.367020534677
9.514824822368 6.418000549891 0.766115773394 -0.642702591995
4.819432820719 1.704425334211 0.105070864879 0.994464737109
1.965686365106 2.730793661582 0.082178293729 0.996617643853
4.616256407830 0.700667581369 0.050421493144 0.998728027558
6.892896734608 2.374617680213 0.019791469817 0.999804129679
1.666423794578 1.625260086565 -0.046109286900 0.998936401210
3.293280001180 3.113811973938 0.333035864422 0.942914159936
7.440385797520 -0.420777679008 0.007206892334 0.999974030014
3.820082052948 1.377335264130 0.157094762011 0.987583533555
6.976325357951 2.308465987644 0.973610530284 0.228215983926
2.085682070262 2.633178504748 0.987249307953 0.159181669633
3.194918500410 4.316337271996 0.897782139787 0.440439813687
2.754969709824 0.958003784919 0.115201063713 0.993342194271
4.317065884695 4.766262590256 0.818161568065 -0.574988389919
2.484331564787 -0.044224033375 0.933307612933 0.359077846215
1.486559572681 0.679172131461 0.898345462766 0.439289687482
4.006168953536 3.440607565077 0.012693909611 0.999919429084
3.911570476475 2.616005293820 0.756738146506 -0.653718117863
3.132333858334 4.145183082509 0.623112790166 -0.782131990607
4.987833317760 2.811453663186 0.770879211801 -0.636981350444
6.111530803445 2.932286120156 0.982661154360 0.185410505935
5.676132341427 -1.241160025592 0.360349307651 0.932817440058
6.587066959736 0.066801499158 0.990596959793 0.136812511299
7.095551901082 3.379991595845 0.958607539241 0.284730724913
2.389740790476 3.766313768844 0.332851356201 0.942979307660
3.568149565992 -0.775335273797 0.160463425853 0.987041786838
5.327676448901 4.920062844714 0.933748898372 0.357928756584
6.520982082335 -0.828723067215 0.148561487303 0.988903172454
6.420683283155 -0.972779705664 0.992351931522 0.123440852249
2.018834569216 4.066743673700 0.819455054557 0.573143449375
6.444987016343 0.206759409216 -0.084693437339 0.996407056213
